
26
1305
   793      1
   789      1
   787      1
   673      1
   669      1
   667      1
   441      1
   437      2
   435      2
   434      1
   433      1
   432      1
   431      1
   321      1
   319      1
   318      1
   317      1
   316      1
   315      1
   261      5
   259      1
   258      1
   257      1
   256      1
   255      1
   127      1


26
1305
   793      1
   789      1
   787      1
   673      1
   669      1
   667      1
   441      1
   437      2
   435      2
   434      1
   433      1
   432      1
   431      1
   321      1
   319      1
   318      1
   317      1
   316      1
   315      1
   261      5
   259      1
   258      1
   257      1
   256      1
   255      1
   126      1


26
1350
   820      1
   816      1
   814      1
   696      1
   692      1
   690      1
   456      1
   452      2
   450      2
   449      1
   448      1
   447      1
   446      1
   332      1
   330      1
   329      1
   328      1
   327      1
   326      1
   270      5
   268      1
   267      1
   266      1
   265      1
   264      1
   130      1


32
1500
  1214      1
  1210      1
  1208      1
   910      1
   906      1
   904      1
   776      1
   772      1
   770      1
   504      1
   503      1
   500      2
   498      1
   494      1
   367      1
   365      1
   364      1
   363      1
   362      1
   361      1
   300      5
   298      1
   297      1
   296      1
   295      1
   294      1
   148      1
   146      1
   145      1
   144      1
   143      1
   142      1


32
1500
  1214      1
  1210      1
  1208      1
   910      1
   906      1
   904      1
   774      1
   770      1
   768      1
   504      1
   503      1
   500      2
   498      1
   494      1
   368      1
   366      1
   365      1
   364      1
   363      1
   362      1
   300      5
   298      1
   297      1
   296      1
   295      1
   294      1
   148      1
   146      1
   145      1
   144      1
   143      1
   142      1

