NN=660
1000 20
738 21
728 29
645 27
577 25
498 27
480 21
455 20
397 20
302 28
300 23
265 21
263 27
260 28
204 22
121 29
112 29
80 24
17 26
15 23
13 20

NN=774
1000 20
687 27
678 21
666 21
636 28
582 28
521 22
483 25
467 25
465 29
379 29
335 24
254 23
240 22
235 25
165 23
84 25
61 26
37 27
32 25
27 21

NN=1454
1000 20
745 28
618 23
613 23
607 23
481 21
460 25
450 28
441 24
433 22
406 27
375 25
368 26
367 25
309 24
177 22
167 24
142 26
137 27
127 22
28 22

NN=1780
1000 20
752 21
709 22
651 21
572 24
570 25
511 20
403 25
367 26
321 28
308 24
296 27
271 26
265 23
198 25
194 23
175 21
144 23
92 28
50 23
49 20

NN=2086
1000 19
726 27
690 21
678 20
594 22
577 29
518 23
487 21
484 27
483 27
427 23
420 26
387 49
381 25
284 23
204 23
147 28
131 25
38 21
11 27

NN=3610
1000 20
631 22
580 20
577 24
542 26
536 20
492 26
426 29
337 20
306 27
287 26
243 26
184 28
130 26
122 21
78 29
51 25
50 20
19 24
16 20
11 29

NN=4380
1000 20
697 24
603 29
576 28
533 28
475 25
446 28
432 23
398 22
386 24
350 25
346 28
262 23
208 26
168 27
120 29
105 20
97 28
56 25
45 28
4 29

NN=5753
1000 20
759 20
642 28
614 29
541 23
491 29
352 20
348 20
333 27
311 20
288 23
264 27
248 29
213 20
168 21
130 25
127 20
76 25
59 25
48 28
11 27

NN=6393
1000 20
664 27
656 25
609 23
541 20
516 23
512 25
449 27
392 20
382 27
336 20
295 29
235 23
232 29
205 26
185 28
91 26
56 25
54 24
48 24
18 22

NN=7119
1000 20
715 27
706 26
615 22
590 23
546 22
497 22
462 29
430 28
410 28
350 23
318 21
314 21
171 29
163 20
146 28
133 20
109 22
57 27
28 28
19 20

NN=9080
1000 20
795 29
708 28
610 29
591 20
569 22
523 20
521 21
427 23
383 29
346 29
320 27
271 26
250 22
241 22
208 26
197 22
193 22
188 29
183 23
135 22

NN=10166
1000 19
787 20
738 20
706 28
691 24
678 23
560 23
557 25
513 21
473 20
410 22
310 28
254 22
244 58
218 25
197 23
140 27
133 24
92 21
10 21

NN=10336
1000 20
766 21
729 23
687 22
649 28
528 24
526 23
429 28
420 22
352 29
327 22
319 27
289 20
217 24
201 24
184 29
88 25
47 21
30 27
29 20
15 23

NN=13211
1000 20
697 28
691 24
630 25
621 22
518 28
489 24
464 22
460 25
325 25
273 24
216 25
188 28
173 25
103 24
92 21
86 21
68 24
62 23
40 29
26 20

NN=14184
1000 20
784 29
721 27
647 29
592 22
554 26
519 25
510 22
420 28
417 28
395 25
293 21
274 29
266 20
261 24
232 27
173 25
138 29
102 25
90 27
21 22

NN=15495
1000 20
796 20
735 27
686 27
635 25
612 23
487 23
430 29
415 25
406 27
338 24
314 20
172 23
159 21
152 29
127 29
118 23
109 28
73 28
18 26
5 21

NN=16450
1000 20
784 22
727 20
689 29
677 27
615 23
567 27
394 27
357 28
326 26
243 28
232 25
211 27
156 22
144 27
63 28
32 20
27 23
9 22
7 28
4 25

NN=17632
1000 19
787 21
570 29
519 23
496 25
493 28
451 27
442 23
423 28
362 23
332 28
319 25
169 52
160 29
159 21
132 20
126 22
90 22
64 21
29 28

NN=18929
1000 20
673 29
664 20
650 29
497 26
495 25
494 25
488 20
414 26
408 24
392 28
391 20
339 28
266 28
194 25
172 29
136 24
74 23
43 28
40 28
39 20

NN=19959
1000 20
755 27
753 26
654 21
588 26
564 26
496 21
403 26
370 23
307 21
292 29
206 27
202 29
170 27
146 21
82 28
58 25
33 27
25 25
22 20
3 24

