Fieldhouse+
3
30
    15      3
    10      5
     6      9




The initial LP solution: time=0


File: nIRUP  Instance No. 1
Wed Nov 10 10:23:04 2010

LP solution: lpval=5.2 lpbnd=6

1:   0  0  5  obj=1\\
1:   0  3  0  obj=1\\
0.8:   0  2  1  obj=1\\
1:   2  0  0  obj=1\\
1:   1  0  2  obj=1\\
0.4:   0  1  3  obj=1\\






File: nIRUP  Instance No. 1
Wed Nov 10 10:23:04 2010

LP0 Time: 0 IPTime: 0 The best integer solution (6):

1:   0  0  5  obj=1\\
1:   0  3  0  obj=1\\
1:   0  2  1  obj=1\\
1:   2  0  0  obj=1\\
1:   1  0  2  obj=1\\
1:   0  0  1  obj=1\\



The last LP solution 


File: nIRUP  Instance No. 1
Wed Nov 10 10:23:04 2010

LP solution: lpval=6 lpbnd=6

1:   0  0  5  obj=1\\
1:   0  3  0  obj=1\\
0.8:   0  2  1  obj=1\\
1:   2  0  0  obj=1\\
1:   1  0  2  obj=1\\
0.4:   0  1  3  obj=1\\



GauWae1
5
10000
  5000      1
  3750      1
  3250      1
  3001      1
  2000      2




The initial LP solution: time=0


File: nIRUP  Instance No. 2
Wed Nov 10 10:23:04 2010

LP solution: lpval=2.2 lpbnd=3

0.6:   1  1  0  0  0  obj=1\\
0.2:   0  1  0  1  1  obj=1\\
0.8:   0  0  1  1  1  obj=1\\
0.4:   1  0  0  0  2  obj=1\\
0.2:   0  1  1  0  1  obj=1\\






File: nIRUP  Instance No. 2
Wed Nov 10 10:23:04 2010

LP0 Time: 0 IPTime: 0 The best integer solution (3):

1:   1  1  0  0  0  obj=1\\
1:   0  0  1  1  1  obj=1\\
1:   0  0  0  0  1  obj=1\\



The last LP solution 


File: nIRUP  Instance No. 2
Wed Nov 10 10:23:04 2010

LP solution: lpval=3 lpbnd=3

0.6:   1  1  0  0  0  obj=1\\
0.2:   0  1  0  1  1  obj=1\\
0.8:   0  0  1  1  1  obj=1\\
0.4:   1  0  0  0  2  obj=1\\
0.2:   0  1  1  0  1  obj=1\\



GauWae1equiv
5
60
    30      1
    22      1
    20      1
    19      1
    12      2




The initial LP solution: time=0


File: nIRUP  Instance No. 3
Wed Nov 10 10:23:04 2010

LP solution: lpval=2.2 lpbnd=3

0.6:   1  1  0  0  0  obj=1\\
0.2:   0  1  0  1  1  obj=1\\
0.8:   0  0  1  1  1  obj=1\\
0.4:   1  0  0  0  2  obj=1\\
0.2:   0  1  1  0  1  obj=1\\






File: nIRUP  Instance No. 3
Wed Nov 10 10:23:04 2010

LP0 Time: 0 IPTime: 0 The best integer solution (3):

1:   1  1  0  0  0  obj=1\\
1:   0  0  1  1  1  obj=1\\
1:   0  0  0  0  1  obj=1\\



The last LP solution 


File: nIRUP  Instance No. 3
Wed Nov 10 10:23:04 2010

LP solution: lpval=3 lpbnd=3

0.6:   1  1  0  0  0  obj=1\\
0.2:   0  1  0  1  1  obj=1\\
0.8:   0  0  1  1  1  obj=1\\
0.4:   1  0  0  0  2  obj=1\\
0.2:   0  1  1  0  1  obj=1\\



Rietz1Gap6/5
32
1500
  1214      2
  1210      2
  1208      2
   910      2
   906      2
   904      2
   774      2
   770      2
   768      2
   504      2
   503      3
   500      5
   498      3
   494      2
   368      1
   366      3
   365      3
   364      1
   363      3
   362      1
   300      5
   298      3
   297      3
   296      1
   295      3
   294      1
   148      1
   146      3
   145      3
   144      1
   143      3
   142      1




The initial LP solution: time=0.03


File: nIRUP  Instance No. 4
Wed Nov 10 10:23:04 2010

LP solution: lpval=23.8523 lpbnd=24

0.722727:   0  0  0  0  0  0  0  0  0  0  0  0  0  0  0  0  0  0  0  0  5  0  0  0  0  0  0  0  0  0  0  0  obj=1\\
1:   0  0  0  0  0  0  0  0  0  0  0  3  0  0  0  0  0  0  0  0  0  0  0  0  0  0  0  0  0  0  0  0  obj=1\\
0.2:   0  0  0  0  0  0  0  1  0  0  0  0  0  0  1  0  0  0  0  1  0  0  0  0  0  0  0  0  0  0  0  0  obj=1\\
1:   0  0  0  0  0  0  1  0  0  0  0  0  0  0  0  0  0  0  2  0  0  0  0  0  0  0  0  0  0  0  0  0  obj=1\\
0.190909:   0  0  0  1  0  0  0  0  0  1  0  0  0  0  0  0  0  0  0  0  0  0  0  0  0  0  0  0  0  0  0  0  obj=1\\
1:   0  0  1  0  0  0  0  0  0  0  0  0  0  0  0  0  0  0  0  0  0  0  0  0  0  0  0  2  0  0  0  0  obj=1\\
1:   0  1  0  0  0  0  0  0  0  0  0  0  0  0  0  0  0  0  0  0  0  0  0  0  0  0  0  0  2  0  0  0  obj=1\\
0.202273:   1  0  0  0  0  0  0  0  0  0  0  0  0  0  0  0  0  0  0  0  0  0  0  0  0  0  1  0  0  0  0  0  obj=1\\
0.797727:   1  0  0  0  0  0  0  0  0  0  0  0  0  0  0  0  0  0  0  0  0  0  0  0  0  0  0  0  0  1  0  1  obj=1\\
1:   1  0  0  0  0  0  0  0  0  0  0  0  0  0  0  0  0  0  0  0  0  0  0  0  0  0  0  0  0  0  2  0  obj=1\\
0.4:   0  0  0  0  0  0  0  0  1  0  0  0  0  0  0  0  2  0  0  0  0  0  0  0  0  0  0  0  0  0  0  0  obj=1\\
0.202273:   0  0  0  0  0  1  0  0  0  0  0  0  0  0  0  0  0  0  0  0  1  0  0  0  1  0  0  0  0  0  0  0  obj=1\\
0.8:   0  0  0  0  0  0  0  1  0  0  0  0  0  0  0  1  0  1  0  0  0  0  0  0  0  0  0  0  0  0  0  0  obj=1\\
1:   0  0  0  0  0  0  0  0  0  0  2  0  0  1  0  0  0  0  0  0  0  0  0  0  0  0  0  0  0  0  0  0  obj=1\\
0.5:   0  0  0  0  0  0  0  0  0  0  0  2  1  0  0  0  0  0  0  0  0  0  0  0  0  0  0  0  0  0  0  0  obj=1\\
0.202273:   0  1  0  0  0  0  0  0  0  0  0  0  0  0  0  0  0  0  0  0  0  0  0  0  0  0  0  1  0  1  0  0  obj=1\\
1:   0  0  0  0  1  0  0  0  0  0  0  0  0  0  0  0  0  0  0  0  0  0  2  0  0  0  0  0  0  0  0  0  obj=1\\
1:   0  0  0  0  0  0  0  0  1  0  0  0  0  0  0  2  0  0  0  0  0  0  0  0  0  0  0  0  0  0  0  0  obj=1\\
1:   0  0  0  1  0  0  0  0  0  0  0  0  0  0  0  0  0  0  0  0  0  0  0  0  2  0  0  0  0  0  0  0  obj=1\\
0.6:   0  0  0  0  0  0  1  0  0  0  0  0  0  0  0  0  0  0  1  1  0  0  0  0  0  0  0  0  0  0  0  0  obj=1\\
0.179545:   0  0  0  0  0  0  0  0  0  0  2  0  0  0  0  0  0  0  0  0  1  0  0  0  0  0  1  0  0  0  0  0  obj=1\\
0.393182:   0  0  1  0  0  0  0  0  0  0  0  0  0  0  0  0  0  0  0  0  0  0  0  0  0  0  0  0  2  0  0  0  obj=1\\
0.797727:   0  0  0  0  1  0  0  0  0  0  0  0  0  0  0  0  0  0  0  0  0  1  0  1  0  0  0  0  0  0  0  0  obj=1\\
0.393182:   0  0  0  0  0  1  0  0  0  0  0  0  0  0  0  0  0  0  0  0  0  0  2  0  0  0  0  0  0  0  0  0  obj=1\\
0.2:   0  0  0  0  0  0  0  0  0  0  1  0  0  0  1  0  0  0  0  0  2  0  0  0  0  0  0  0  0  0  0  0  obj=1\\
1:   0  0  0  0  0  0  0  0  0  1  0  1  0  1  0  0  0  0  0  0  0  0  0  0  0  0  0  0  0  0  0  0  obj=1\\
0.440909:   0  0  0  0  0  0  0  0  0  0  1  0  2  0  0  0  0  0  0  0  0  0  0  0  0  0  0  0  0  0  0  0  obj=1\\
1:   0  0  0  0  0  0  0  1  0  0  0  0  0  0  0  0  2  0  0  0  0  0  0  0  0  0  0  0  0  0  0  0  obj=1\\
0.797727:   0  0  0  1  0  0  0  0  0  0  0  0  0  0  0  0  0  0  0  0  0  0  0  0  1  1  0  0  0  0  0  0  obj=1\\
0.2:   0  0  0  0  0  0  1  0  0  0  0  0  0  0  1  0  0  0  0  0  1  0  0  0  0  0  0  0  0  0  0  0  obj=1\\
0.595455:   0  1  0  0  0  0  0  0  0  0  0  0  0  0  0  0  0  0  0  0  0  0  0  0  0  0  0  1  0  0  1  0  obj=1\\
1:   0  0  0  0  0  1  0  0  0  0  0  0  0  0  0  0  0  0  0  0  0  2  0  0  0  0  0  0  0  0  0  0  obj=1\\
0.4:   0  0  0  0  0  0  0  0  1  0  0  0  0  0  1  0  0  0  1  0  0  0  0  0  0  0  0  0  0  0  0  0  obj=1\\
0.809091:   0  0  0  0  0  0  0  0  0  1  0  0  2  0  0  0  0  0  0  0  0  0  0  0  0  0  0  0  0  0  0  0  obj=1\\
0.404545:   0  0  1  0  0  0  0  0  0  0  0  0  0  0  0  0  0  0  0  0  0  0  0  0  0  0  1  0  0  0  1  0  obj=1\\
0.202273:   0  0  0  0  0  1  0  0  0  0  0  0  0  0  0  0  0  0  0  0  0  1  1  0  0  0  0  0  0  0  0  0  obj=1\\
0.2:   0  0  0  0  0  0  0  0  1  0  0  0  0  0  0  1  1  0  0  0  0  0  0  0  0  0  0  0  0  0  0  0  obj=1\\
0.202273:   0  1  0  0  0  0  0  0  0  0  0  0  0  0  0  0  0  0  0  0  0  0  0  0  0  0  1  0  0  0  0  1  obj=1\\
0.0113636:   0  0  0  1  0  0  0  0  0  0  0  0  0  0  0  0  0  0  0  0  0  0  1  0  0  0  1  0  1  0  0  0  obj=1\\
0.202273:   0  0  0  0  1  0  0  0  0  0  0  0  0  0  0  0  0  0  0  0  1  0  0  0  0  1  0  0  0  0  0  0  obj=1\\
0.2:   0  0  0  0  0  0  1  0  0  0  0  0  0  0  0  0  0  1  0  1  0  0  0  0  0  0  0  0  0  0  0  0  obj=1\\
0.202273:   0  0  1  0  0  0  0  0  0  0  0  0  0  0  0  0  0  0  0  0  0  0  0  0  0  0  0  1  1  0  0  0  obj=1\\
0.202273:   0  0  0  0  0  1  0  0  0  0  0  0  0  0  0  0  0  0  0  0  1  0  0  1  0  0  0  0  0  0  0  0  obj=1\\



