'BPP    12'
23
1256639273413260
268156749963987      1
267894124717819      1
265852084646707      1
246212060517991      1
236598339401976      1
217766237792891      1
216772936811868      1
200382752411375      1
192592598447475      1
186979459193742      1
184606467255928      1
181038336490458      1
162510126601055      1
161769131514551      1
149233564855514      1
125786814122488      1
119636406627985      1
111762912633806      1
108165375332576      1
72910145680318      1
67130247718277      1
23173982506114      1
2967630874775      1




The initial LP solution: time=0.12


File: 23items_problem12.dat  Instance No. 1
Fri Nov 16 14:00:05 2012

LP solution: lpval=3 lpbnd=3

1:   1  1  0  0  0  1  0  0  0  0  0  0  0  0  1  1  1  0  1  0  0  0  0  obj=1\\
-2.220446049250313e-16:   1  0  0  0  1  1  0  0  0  1  1  0  1  0  0  0  0  0  0  0  0  0  0  obj=1\\
1:   0  0  0  1  0  0  0  1  1  0  1  1  0  0  0  0  0  1  0  1  1  0  0  obj=1\\
1:   0  0  1  0  1  0  1  0  0  1  0  0  1  1  0  0  0  0  0  0  0  1  1  obj=1\\






File: 23items_problem12.dat  Instance No. 1
Fri Nov 16 14:00:05 2012

LP0 Time: 0.12 IPTime: 0.12 The best integer solution (3):

1:   1  1  0  0  0  1  0  0  0  0  0  0  0  0  1  1  1  0  1  0  0  0  0  obj=1\\
1:   0  0  0  1  0  0  0  1  1  0  1  1  0  0  0  0  0  1  0  1  1  0  0  obj=1\\
1:   0  0  1  0  1  0  1  0  0  1  0  0  1  1  0  0  0  0  0  0  0  1  1  obj=1\\



The last LP solution 


File: 23items_problem12.dat  Instance No. 1
Fri Nov 16 14:00:05 2012

LP solution: lpval=3 lpbnd=3

1:   1  1  0  0  0  1  0  0  0  0  0  0  0  0  1  1  1  0  1  0  0  0  0  obj=1\\
-2.220446049250313e-16:   1  0  0  0  1  1  0  0  0  1  1  0  1  0  0  0  0  0  0  0  0  0  0  obj=1\\
1:   0  0  0  1  0  0  0  1  1  0  1  1  0  0  0  0  0  1  0  1  1  0  0  obj=1\\
1:   0  0  1  0  1  0  1  0  0  1  0  0  1  1  0  0  0  0  0  0  0  1  1  obj=1\\



