'BPP    35'
23
1069616851349806
238946772648327      1
237725614614948      1
194011668551229      1
191416530195871      1
169341620792751      1
166558512067886      1
166277356985030      1
164662141938962      1
162647959901817      1
160603869324447      1
154715817706913      1
151592697586728      1
149854850260431      1
149342549917168      1
148451391118493      1
129729726896178      1
114195989964832      1
112403565300642      1
94113390145220      1
53326474900068      1
46277279467466      1
43714050460743      1
8939051594313      1




The initial LP solution: time=0.15


File: 23items_problem35.dat  Instance No. 1
Fri Nov 16 14:00:20 2012

LP solution: lpval=3 lpbnd=3

1:   0  1  0  0  1  0  0  1  0  0  0  0  0  1  1  0  0  0  1  1  0  1  1  obj=1\\
1:   1  0  0  1  0  0  1  0  1  0  0  0  1  0  0  0  1  0  0  0  1  0  0  obj=1\\
1:   0  0  1  0  0  1  0  0  0  1  1  1  0  0  0  1  0  1  0  0  0  0  0  obj=1\\






File: 23items_problem35.dat  Instance No. 1
Fri Nov 16 14:00:20 2012

LP0 Time: 0.15 IPTime: 0.15 The best integer solution (3):

1:   0  1  0  0  1  0  0  1  0  0  0  0  0  1  1  0  0  0  1  1  0  1  1  obj=1\\
1:   1  0  0  1  0  0  1  0  1  0  0  0  1  0  0  0  1  0  0  0  1  0  0  obj=1\\
1:   0  0  1  0  0  1  0  0  0  1  1  1  0  0  0  1  0  1  0  0  0  0  0  obj=1\\



The last LP solution 


File: 23items_problem35.dat  Instance No. 1
Fri Nov 16 14:00:20 2012

LP solution: lpval=3 lpbnd=3

1:   0  1  0  0  1  0  0  1  0  0  0  0  0  1  1  0  0  0  1  1  0  1  1  obj=1\\
1:   1  0  0  1  0  0  1  0  1  0  0  0  1  0  0  0  1  0  0  0  1  0  0  obj=1\\
1:   0  0  1  0  0  1  0  0  0  1  1  1  0  0  0  1  0  1  0  0  0  0  0  obj=1\\



