
182
3448
  3090      1
  3050      1
  3034      1
  3026      1
  3006      1
  2977      1
  2955      1
  2950      1
  2926      1
  2919      1
  2914      1
  2903      1
  2887      1
  2863      1
  2858      1
  2852      1
  2839      1
  2834      1
  2818      1
  2813      1
  2797      1
  2791      1
  2786      1
  2774      1
  2764      1
  2741      1
  2723      1
  2722      1
  2690      1
  2671      1
  2655      1
  2645      1
  2630      1
  2597      1
  2570      1
  2551      1
  2542      1
  2519      1
  2457      1
  2426      1
  2425      1
  2394      1
  2390      1
  2333      1
  2321      1
  2305      1
  2281      1
  2230      1
  2214      1
  2174      1
  2167      1
  2141      1
  1982      1
  1973      1
  1965      1
  1950      1
  1941      1
  1878      1
  1794      1
  1733      1
  1729      1
  1726      1
  1725      1
  1704      1
  1512      1
  1438      1
  1437      1
  1433      1
  1431      1
  1382      1
  1310      1
  1276      1
  1257      1
  1250      1
  1237      1
  1231      1
  1222      1
  1176      1
  1091      1
  1069      1
  1062      1
  1030      1
  1029      1
  1018      1
   973      1
   941      1
   931      1
   882      2
   854      1
   853      1
   827      1
   794      1
   775      1
   749      1
   734      1
   711      1
   683      1
   682      1
   671      1
   649      1
   638      1
   634      1
   605      1
   591      1
   579      1
   562      1
   554      1
   549      1
   546      1
   543      1
   531      1
   524      1
   514      1
   509      1
   494      1
   480      1
   469      2
   446      1
   441      1
   438      1
   420      1
   418      1
   411      1
   393      1
   370      1
   354      1
   346      1
   334      1
   302      1
   286      2
   284      2
   276      1
   272      1
   260      1
   250      1
   248      1
   246      1
   244      2
   216      1
   212      3
   204      1
   200      1
   194      1
   192      1
   186      1
   184      1
   176      1
   172      1
   170      1
   168      1
   164      2
   154      1
   148      1
   144      1
   140      1
   136      1
   132      1
   128      1
   124      1
   120      1
   116      1
   114      1
   112      2
   110      1
   108      3
   104      1
   100      2
    96      1
    92      1
    88      3
    84      2
    82      1
    80      1
    78      1
    76      1
    72      2
    68      2
    64      2
    56      2
    32      1
    16      1
     6      1

