
364
7912
  7118      1
  7108      1
  7090      1
  7062      1
  7044      1
  7036      1
  7008      1
  6990      1
  6981      1
  6978      1
  6973      1
  6964      1
  6958      1
  6957      1
  6934      1
  6932      1
  6918      1
  6908      1
  6900      1
  6897      1
  6892      1
  6889      1
  6881      1
  6878      1
  6865      1
  6833      1
  6830      1
  6825      1
  6822      1
  6817      1
  6799      1
  6796      1
  6788      1
  6782      1
  6774      1
  6766      1
  6755      1
  6747      1
  6718      1
  6676      1
  6663      1
  6660      1
  6650      1
  6647      1
  6613      1
  6578      1
  6563      1
  6546      1
  6531      1
  6524      1
  6508      1
  6485      1
  6470      1
  6438      1
  6393      1
  6385      1
  6377      1
  6353      1
  6348      1
  6340      1
  6320      1
  6310      1
  6286      1
  6254      1
  6227      1
  6219      1
  6132      1
  6114      1
  6086      1
  6076      1
  6059      1
  6051      1
  6027      1
  6019      1
  6003      1
  5995      1
  5988      1
  5972      1
  5886      1
  5878      1
  5842      1
  5791      1
  5779      1
  5717      1
  5692      1
  5668      1
  5636      1
  5594      1
  5570      1
  5514      1
  5457      1
  5449      1
  5441      1
  5425      1
  5417      1
  5348      1
  5270      1
  5268      1
  5246      1
  5097      1
  5089      1
  5081      1
  5074      1
  5065      1
  5057      1
  4960      1
  4955      1
  4953      1
  4892      1
  4852      1
  4838      1
  4796      1
  4674      1
  4660      1
  4543      1
  4539      1
  4535      1
  4473      1
  4450      1
  4322      1
  4276      1
  4170      1
  4108      1
  3986      1
  3965      1
  3964      1
  3962      1
  3961      1
  3958      1
  3957      1
  3904      1
  3618      1
  3480      1
  3458      1
  3297      1
  3293      1
  3292      1
  3291      1
  3274      1
  3172      1
  3122      1
  3102      1
  3036      1
  2994      1
  2920      1
  2867      1
  2835      1
  2811      1
  2809      1
  2720      1
  2716      1
  2707      1
  2702      1
  2604      1
  2562      1
  2556      1
  2524      1
  2472      1
  2465      1
  2381      1
  2373      1
  2366      1
  2361      1
  2353      1
  2347      1
  2294      1
  2204      1
  2202      1
  2140      1
  2081      1
  2073      1
  2061      1
  2053      1
  2047      1
  2002      1
  1954      1
  1934      1
  1900      1
  1876      1
  1852      1
  1831      1
  1779      1
  1769      1
  1726      1
  1718      1
  1690      1
  1631      1
  1620      1
  1604      1
  1591      1
  1579      1
  1571      1
  1551      1
  1545      1
  1532      1
  1522      1
  1502      1
  1484      1
  1411      1
  1405      1
  1382      1
  1358      1
  1338      1
  1324      1
  1316      1
  1301      1
  1297      1
  1279      1
  1273      1
  1266      1
  1230      1
  1202      1
  1191      1
  1172      1
  1164      1
  1151      1
  1125      1
  1114      1
  1083      1
  1080      1
  1063      1
  1055      1
  1054      1
  1044      1
  1041      1
  1039      1
  1036      1
   998      1
   984      1
   971      1
   965      1
   958      1
   950      1
   942      1
   940      1
   932      2
   929      1
   916      1
   913      1
   910      1
   902      1
   873      1
   862      1
   861      1
   857      1
   853      1
   847      1
   844      2
   830      1
   818      1
   798      1
   797      1
   796      1
   782      1
   777      1
   770      1
   760      1
   746      1
   732      1
   724      1
   686      1
   676      1
   662      1
   658      2
   656      2
   652      1
   632      1
   620      1
   600      2
   596      1
   572      1
   562      1
   560      1
   542      1
   536      2
   520      1
   512      2
   504      1
   496      2
   492      1
   480      1
   474      2
   472      1
   470      2
   468      1
   440      3
   424      1
   414      2
   410      2
   408      1
   396      1
   388      1
   384      1
   376      2
   372      1
   368      2
   364      1
   360      1
   354      1
   352      1
   344      1
   336      1
   332      1
   320      2
   318      1
   316      1
   314      2
   310      1
   308      1
   304      2
   296      2
   286      1
   282      1
   280      1
   276      1
   268      1
   264      1
   258      1
   256      1
   254      1
   252      1
   244      1
   240      3
   238      1
   236      1
   232      1
   230      1
   224      2
   220      1
   216      1
   210      1
   208      3
   200      1
   196      1
   194      1
   192      1
   188      3
   184      3
   182      1
   180      2
   174      1
   172      1
   170      2
   168      2
   164      1
   160      2
   158      1
   156      1
   154      1
   152      3
   144      3
   136      1
   132      1
   128      2
   112      1
   104      1
   100      1
    88      1
    82      1
    80      1
    64      1
    56      1
    48      1
    16      2

