403
7912
7118
7108
7090
7062
7044
7036
7008
6990
6981
6978
6973
6964
6958
6957
6934
6932
6918
6908
6900
6897
6892
6889
6881
6878
6865
6833
6830
6825
6822
6817
6799
6796
6788
6782
6774
6766
6755
6747
6718
6676
6663
6660
6650
6647
6613
6578
6563
6546
6531
6524
6508
6485
6470
6438
6393
6385
6377
6353
6348
6340
6320
6310
6286
6254
6227
6219
6132
6114
6086
6076
6059
6051
6027
6019
6003
5995
5988
5972
5886
5878
5842
5791
5779
5717
5692
5668
5636
5594
5570
5514
5457
5449
5441
5425
5417
5348
5270
5268
5246
5097
5089
5081
5074
5065
5057
4960
4955
4953
4892
4852
4838
4796
4674
4660
4543
4539
4535
4473
4450
4322
4276
4170
4108
3986
3965
3964
3962
3961
3958
3957
3904
3618
3480
3458
3297
3293
3292
3291
3274
3172
3122
3102
3036
2994
2920
2867
2835
2811
2809
2720
2716
2707
2702
2604
2562
2556
2524
2472
2465
2381
2373
2366
2361
2353
2347
2294
2204
2202
2140
2081
2073
2061
2053
2047
2002
1954
1934
1900
1876
1852
1831
1779
1769
1726
1718
1690
1631
1620
1604
1591
1579
1571
1551
1545
1532
1522
1502
1484
1411
1405
1382
1358
1338
1324
1316
1301
1297
1279
1273
1266
1230
1202
1191
1172
1164
1151
1125
1114
1083
1080
1063
1055
1054
1044
1041
1039
1036
998
984
971
965
958
950
942
940
932
932
929
916
913
910
902
873
862
861
857
853
847
844
844
830
818
798
797
796
782
777
770
760
746
732
724
686
676
662
658
658
656
656
652
632
620
600
600
596
572
562
560
542
536
536
520
512
512
504
496
496
492
480
474
474
472
470
470
468
440
440
440
424
414
414
410
410
408
396
388
384
376
376
372
368
368
364
360
354
352
344
336
332
320
320
318
316
314
314
310
308
304
304
296
296
286
282
280
276
268
264
258
256
254
252
244
240
240
240
238
236
232
230
224
224
220
216
210
208
208
208
200
196
194
192
188
188
188
184
184
184
182
180
180
174
172
170
170
168
168
164
160
160
158
156
154
152
152
152
144
144
144
136
132
128
128
112
104
100
88
82
80
64
56
48
16
16
