
717
39232
 35308      1
 35304      1
 35276      1
 35272      1
 35216      1
 35212      1
 35178      1
 35170      1
 35114      1
 35087      1
 35084      1
 35042      1
 35024      1
 35023      1
 35018      1
 34996      1
 34958      1
 34956      1
 34936      1
 34923      1
 34915      1
 34904      1
 34890      1
 34872      1
 34855      1
 34848      1
 34832      1
 34795      1
 34787      1
 34780      1
 34779      1
 34774      1
 34760      1
 34755      1
 34748      1
 34709      1
 34704      1
 34698      1
 34688      1
 34623      1
 34592      1
 34580      1
 34559      1
 34518      1
 34510      1
 34502      1
 34424      1
 34404      1
 34375      1
 34372      1
 34340      1
 34310      1
 34296      1
 34272      1
 34256      1
 34247      1
 34246      1
 34236      1
 34226      1
 34187      1
 34184      1
 34148      1
 34127      1
 34098      1
 34096      1
 34055      1
 34036      1
 34035      1
 33998      1
 33974      1
 33952      1
 33927      1
 33923      1
 33915      1
 33904      1
 33836      1
 33800      1
 33786      1
 33754      1
 33747      1
 33736      1
 33704      1
 33680      1
 33674      1
 33672      1
 33660      1
 33626      1
 33587      1
 33568      1
 33551      1
 33512      1
 33488      1
 33484      1
 33470      1
 33420      1
 33388      1
 33301      1
 33222      1
 33209      1
 33206      1
 33190      1
 33184      1
 33105      1
 33097      1
 33094      1
 33060      1
 33036      1
 33000      1
 32976      1
 32944      1
 32936      1
 32904      1
 32890      1
 32819      1
 32712      1
 32686      1
 32673      1
 32660      1
 32628      1
 32550      1
 32544      1
 32476      1
 32463      1
 32442      1
 32304      1
 32289      1
 32232      1
 32200      1
 32188      1
 32120      1
 32118      1
 32112      1
 32060      1
 31990      1
 31958      1
 31911      1
 31904      1
 31840      1
 31836      1
 31798      1
 31751      1
 31699      1
 31670      1
 31606      1
 31559      1
 31524      1
 31504      1
 31488      1
 31442      1
 31429      1
 31320      1
 31312      1
 31260      1
 31192      1
 31098      1
 31072      1
 31064      1
 30876      1
 30830      1
 30805      1
 30761      1
 30697      1
 30593      1
 30378      1
 30372      1
 30352      1
 30176      1
 30160      1
 30152      1
 30026      1
 29967      1
 29956      1
 29864      1
 29793      1
 29712      1
 29704      1
 29609      1
 29582      1
 29564      1
 29552      1
 29486      1
 29320      1
 29172      1
 29088      1
 29051      1
 28898      1
 28844      1
 28621      1
 28448      1
 28432      1
 28372      1
 28250      1
 28248      1
 28240      1
 27980      1
 27951      1
 27768      1
 27744      1
 27502      1
 27437      1
 27412      1
 27324      1
 27192      1
 26910      1
 26864      1
 26782      1
 26672      1
 26631      1
 26504      1
 26376      1
 26260      1
 26156      1
 26144      1
 26063      1
 26056      1
 26005      1
 25634      1
 25506      1
 25144      1
 24976      1
 24928      1
 24884      1
 24784      1
 24756      1
 24297      1
 24193      1
 24185      1
 24179      1
 24152      1
 24102      1
 23974      1
 23456      1
 23384      1
 23088      1
 23076      1
 22948      1
 22820      1
 22816      1
 22544      1
 22344      1
 22280      1
 22134      1
 22113      1
 22105      1
 22006      1
 22004      1
 21878      1
 21876      1
 21024      1
 19856      1
 19792      1
 19728      1
 19680      1
 19664      1
 19640      1
 19632      1
 19628      1
 19626      1
 19624      1
 19620      1
 19619      1
 19618      1
 19617      1
 19328      1
 17152      1
 16352      1
 16348      1
 16347      1
 16346      1
 16345      1
 16344      1
 16342      1
 16340      1
 16336      2
 16328      1
 16272      1
 16208      1
 16176      1
 16040      1
 15404      1
 15328      1
 15200      1
 14656      1
 14472      1
 14468      1
 14462      1
 14358      1
 14328      1
 14273      1
 14267      1
 14250      1
 13936      1
 13684      1
 13572      1
 13468      1
 13456      1
 13440      1
 13152      1
 12760      1
 12718      1
 12610      1
 12568      1
 12545      1
 12541      1
 12533      1
 12447      1
 12376      1
 12371      1
 12068      1
 12048      1
 11998      1
 11964      1
 11936      1
 11888      1
 11752      1
 11442      1
 11334      1
 11023      1
 10912      1
 10900      1
 10812      1
 10628      1
 10616      1
 10501      1
 10480      1
 10320      1
 10270      1
 10040      1
  9852      1
  9831      1
  9778      1
  9684      1
  9632      1
  9560      1
  9401      1
  9380      1
  9168      1
  9160      1
  9154      1
  9052      1
  9050      1
  9008      1
  8992      1
  8843      1
  8771      1
  8660      1
  8614      1
  8560      1
  8485      1
  8480      1
  8268      1
  8264      1
  8080      1
  8042      1
  7944      1
  7867      1
  7816      1
  7732      1
  7721      1
  7674      1
  7584      1
  7576      1
  7568      1
  7408      1
  7388      1
  7382      1
  7295      1
  7201      1
  7113      1
  7061      1
  7023      1
  7002      1
  6967      1
  6964      1
  6816      1
  6808      1
  6782      1
  6712      1
  6644      1
  6608      1
  6600      1
  6503      1
  6494      1
  6448      1
  6428      1
  6358      1
  6331      1
  6302      1
  6198      1
  6176      1
  6164      1
  6112      1
  6101      1
  6062      1
  6038      1
  6008      1
  5980      1
  5936      1
  5930      1
  5928      1
  5876      1
  5864      1
  5794      1
  5787      1
  5776      1
  5662      1
  5641      1
  5636      1
  5605      1
  5600      1
  5508      1
  5504      1
  5484      1
  5467      1
  5458      1
  5448      1
  5345      1
  5288      1
  5286      1
  5264      1
  5256      1
  5232      1
  5208      1
  5181      1
  5164      1
  5148      1
  5126      1
  5118      1
  5113      1
  5088      1
  5038      1
  5022      1
  5021      1
  5010      1
  4943      1
  4876      1
  4865      1
  4844      1
  4816      1
  4802      1
  4796      1
  4776      1
  4768      1
  4736      1
  4735      1
  4705      1
  4678      1
  4674      1
  4664      1
  4656      1
  4648      1
  4644      1
  4634      1
  4616      1
  4584      1
  4571      1
  4566      1
  4542      1
  4536      1
  4500      1
  4464      1
  4448      1
  4431      1
  4382      1
  4362      1
  4332      1
  4331      1
  4315      1
  4304      1
  4255      1
  4244      1
  4205      1
  4192      1
  4176      1
  4174      1
  4164      1
  4155      1
  4120      1
  4102      1
  4084      1
  4052      1
  4049      1
  4028      1
  4008      1
  3974      1
  3942      1
  3936      1
  3930      1
  3904      1
  3895      1
  3884      1
  3883      1
  3872      1
  3841      1
  3792      1
  3782      1
  3771      1
  3740      1
  3736      1
  3731      1
  3718      1
  3716      1
  3711      1
  3699      1
  3696      1
  3649      1
  3640      1
  3622      1
  3612      1
  3608      1
  3599      1
  3592      1
  3591      1
  3562      1
  3536      1
  3532      1
  3514      1
  3509      1
  3494      1
  3460      1
  3455      1
  3434      1
  3386      1
  3382      1
  3376      1
  3356      1
  3304      1
  3300      1
  3288      1
  3276      1
  3268      3
  3264      6
  3232      3
  3200      2
  3008      1
  2892      1
  2888      1
  2868      1
  2854      1
  2852      1
  2848      1
  2752      2
  2728      1
  2712      1
  2688      2
  2624      1
  2560      1
  2540      1
  2520      1
  2512      1
  2508      1
  2506      2
  2488      1
  2432      1
  2408      1
  2400      1
  2384      1
  2368      2
  2336      1
  2284      1
  2264      1
  2204      1
  2176      3
  2160      1
  2112      1
  2100      1
  2080      1
  2052      1
  2048      1
  2000      1
  1968      1
  1964      1
  1952      1
  1904      1
  1880      1
  1872      1
  1856      1
  1828      1
  1824      3
  1808      1
  1792      3
  1768      1
  1728      1
  1720      1
  1696      1
  1664      1
  1648      1
  1608      1
  1600      1
  1584      1
  1572      1
  1552      1
  1544      2
  1532      1
  1504      2
  1472      4
  1438      1
  1422      1
  1410      1
  1404      1
  1400      2
  1392      1
  1376      1
  1360      1
  1352      1
  1344      1
  1328      2
  1312      2
  1300      1
  1296      1
  1280      3
  1268      1
  1260      1
  1236      1
  1232      1
  1220      1
  1216      2
  1212      1
  1204      1
  1202      1
  1192      1
  1184      3
  1168      2
  1156      1
  1152      1
  1128      2
  1120      1
  1096      1
  1092      1
  1088      4
  1072      1
  1068      1
  1056      1
  1040      2
  1032      1
  1024      4
  1022      1
  1020      1
  1004      2
  1002      1
  1000      1
   992      1
   988      1
   968      2
   960      3
   952      1
   946      1
   944      1
   940      1
   932      1
   928      2
   924      1
   914      1
   912      5
   904      1
   896      4
   888      1
   886      1
   876      1
   872      1
   866      1
   864      2
   862      1
   852      1
   850      1
   840      2
   832      4
   830      1
   820      1
   816      1
   808      3
   800      3
   798      1
   788      1
   784      1
   778      1
   768      4
   752      2
   748      1
   746      1
   744      1
   742      1
   740      1
   738      1
   736      3
   728      1
   720      3
   718      2
   712      1
   704      4
   700      2
   696      2
   690      1
   688      1
   684      1
   676      1
   672      2
   664      2
   656      2
   648      1
   640      4
   562      1
   522      1
   514      1
   512      1
   480      1
   452      1
   448      1
   440      1
   416      1
   384      1
   378      1
   376      1
   308      1
   256      1
   128      2
     8      1

