
715
38464
 34616      1
 34566      1
 34512      1
 34490      1
 34468      1
 34464      1
 34451      1
 34450      1
 34422      1
 34362      1
 34348      1
 34329      1
 34328      1
 34318      1
 34313      1
 34297      1
 34256      1
 34236      1
 34209      1
 34208      1
 34193      1
 34184      1
 34145      1
 34113      1
 34064      1
 34028      1
 34026      1
 34025      1
 34008      1
 33991      1
 33989      1
 33988      1
 33970      1
 33936      1
 33914      1
 33888      1
 33872      1
 33852      1
 33832      1
 33824      1
 33812      1
 33802      1
 33799      1
 33767      1
 33710      1
 33707      1
 33654      1
 33624      1
 33616      1
 33575      1
 33564      1
 33541      1
 33534      1
 33524      1
 33504      1
 33398      1
 33389      1
 33384      1
 33360      1
 33285      1
 33262      1
 33252      1
 33172      1
 33168      1
 33160      1
 33129      1
 33121      1
 33096      1
 33094      1
 33092      1
 33089      1
 33062      1
 33056      1
 33034      1
 33030      1
 32996      1
 32963      1
 32912      1
 32904      1
 32876      1
 32864      1
 32826      1
 32776      1
 32744      1
 32743      1
 32739      1
 32712      1
 32688      1
 32658      1
 32543      1
 32510      1
 32477      1
 32476      1
 32374      1
 32352      1
 32272      1
 32239      1
 32172      1
 32156      1
 32072      1
 32032      1
 32030      1
 32016      1
 32008      1
 31998      1
 31981      1
 31980      1
 31944      1
 31873      1
 31865      1
 31784      1
 31758      1
 31752      1
 31692      1
 31670      1
 31620      1
 31544      1
 31532      1
 31472      1
 31430      1
 31397      1
 31389      1
 31365      1
 31264      1
 31238      1
 31216      1
 31116      1
 30924      1
 30920      1
 30912      1
 30825      1
 30809      1
 30778      1
 30761      1
 30760      1
 30745      1
 30732      1
 30721      1
 30690      1
 30688      1
 30632      1
 30440      1
 30428      1
 30368      1
 30362      1
 30256      1
 30170      1
 30128      1
 30064      1
 30060      1
 30053      1
 30045      1
 30021      1
 29938      1
 29808      1
 29700      1
 29668      1
 29592      1
 29498      1
 29336      1
 29272      1
 29243      1
 29216      1
 29211      1
 28970      1
 28960      1
 28816      1
 28652      1
 28640      1
 28620      1
 28588      1
 28560      1
 28334      1
 28281      1
 28239      1
 28232      1
 27944      1
 27780      1
 27738      1
 27592      1
 27432      1
 27324      1
 27312      1
 27292      1
 27232      1
 27125      1
 27073      1
 27056      1
 27022      1
 26985      1
 26767      1
 26744      1
 26656      1
 26162      1
 26132      1
 25772      1
 25748      1
 25704      1
 25569      1
 25568      1
 25307      1
 25264      1
 25136      1
 25130      1
 25072      1
 24904      1
 24816      1
 24608      1
 24592      1
 23948      1
 23944      1
 23916      1
 23890      1
 23774      1
 23555      1
 23523      1
 23520      1
 23451      1
 23395      1
 23331      1
 23167      1
 23163      1
 23159      1
 23135      1
 23019      1
 23011      1
 22987      1
 22880      1
 22824      1
 22792      1
 22616      1
 22576      1
 22384      1
 22304      1
 22288      1
 21850      1
 21844      1
 21724      1
 21714      1
 21710      1
 21709      1
 21408      1
 20771      1
 20320      1
 20168      1
 19912      1
 19656      1
 19536      1
 19408      1
 19400      1
 19344      1
 19336      1
 19296      1
 19280      1
 19272      1
 19248      1
 19244      1
 19242      1
 19240      1
 19237      1
 19236      1
 19234      1
 19233      1
 19008      1
 18800      1
 16961      1
 16704      1
 16616      1
 16264      1
 16148      1
 16032      1
 16028      1
 16026      1
 16023      1
 16022      1
 16016      2
 16008      1
 15952      1
 15944      1
 15792      1
 15688      1
 15464      1
 15256      1
 15136      1
 14745      1
 14688      1
 14600      1
 14560      1
 14505      1
 14464      1
 14248      1
 14240      1
 14230      1
 13963      1
 13962      2
 13956      1
 13852      1
 13846      1
 13488      2
 13435      1
 13264      1
 13064      1
 13055      1
 12899      1
 12871      1
 12755      1
 12751      1
 12611      1
 12559      1
 12512      1
 12511      1
 12451      1
 12425      1
 12146      1
 12124      1
 12104      1
 12100      1
 11740      1
 11568      1
 11552      1
 11376      1
 11304      1
 11184      1
 11120      1
 11114      1
 11024      1
 10965      1
 10784      1
 10747      1
 10648      1
 10580      1
 10284      1
 10254      1
 10253      1
 10124      1
  9888      1
  9768      1
  9749      1
  9736      1
  9538      1
  9520      1
  9493      1
  9451      1
  9376      1
  9296      1
  9284      1
  9064      1
  8942      1
  8908      1
  8776      1
  8536      1
  8521      1
  8487      1
  8442      1
  8292      1
  8272      1
  8236      1
  8224      1
  8204      1
  8180      1
  8048      1
  7968      1
  7914      1
  7712      1
  7711      1
  7685      1
  7672      1
  7608      1
  7474      1
  7400      1
  7384      1
  7308      1
  7296      1
  7216      1
  7106      1
  7037      1
  7024      1
  7017      1
  7011      1
  7004      1
  6960      1
  6914      2
  6864      1
  6754      1
  6752      1
  6700      1
  6696      1
  6536      1
  6496      1
  6453      1
  6444      1
  6433      1
  6421      1
  6420      1
  6406      1
  6381      1
  6372      1
  6367      1
  6296      1
  6284      1
  6253      1
  6064      1
  6048      1
  6022      1
  5965      1
  5917      1
  5891      1
  5862      1
  5840      1
  5824      1
  5768      1
  5708      1
  5664      1
  5662      1
  5644      1
  5608      1
  5590      1
  5576      1
  5493      1
  5448      1
  5440      1
  5404      1
  5403      1
  5392      1
  5390      1
  5384      1
  5362      1
  5336      1
  5260      1
  5244      1
  5189      1
  5168      1
  5152      1
  5128      1
  5096      1
  5078      2
  5000      1
  4996      1
  4991      1
  4962      1
  4935      1
  4868      1
  4842      1
  4838      1
  4816      1
  4776      1
  4771      1
  4769      1
  4752      1
  4744      1
  4736      1
  4704      1
  4702      1
  4660      1
  4585      1
  4564      1
  4526      1
  4512      1
  4502      1
  4488      1
  4484      1
  4481      1
  4464      1
  4453      1
  4447      1
  4432      1
  4348      1
  4338      2
  4320      1
  4317      1
  4276      1
  4248      1
  4231      1
  4222      1
  4192      1
  4178      1
  4124      1
  4112      1
  4110      1
  4103      1
  4084      1
  4075      1
  4048      1
  4040      1
  3965      1
  3962      1
  3915      1
  3889      1
  3884      1
  3872      1
  3864      1
  3856      1
  3844      1
  3829      1
  3812      1
  3794      1
  3792      1
  3746      1
  3731      1
  3729      1
  3720      1
  3702      1
  3701      1
  3627      1
  3601      1
  3576      1
  3561      1
  3552      1
  3547      1
  3536      1
  3524      1
  3473      1
  3461      1
  3458      1
  3448      1
  3447      1
  3436      1
  3422      1
  3370      1
  3360      1
  3346      1
  3332      1
  3314      1
  3312      1
  3264      1
  3250      1
  3208      1
  3204      2
  3200      3
  3184      2
  3168      2
  3136      2
  3120      1
  3088      1
  3072      1
  3040      1
  3008      1
  2960      1
  2948      1
  2816      1
  2792      2
  2788      1
  2784      1
  2768      2
  2688      1
  2624      1
  2608      1
  2592      1
  2578      1
  2574      1
  2550      2
  2522      1
  2510      1
  2502      1
  2490      1
  2484      1
  2448      1
  2432      1
  2428      1
  2424      1
  2416      2
  2304      3
  2274      1
  2272      1
  2270      1
  2256      1
  2220      1
  2208      2
  2192      1
  2176      1
  2148      1
  2112      3
  2048      3
  2018      1
  1952      1
  1948      1
  1920      1
  1904      1
  1898      1
  1888      2
  1856      3
  1808      1
  1784      1
  1776      1
  1744      1
  1704      1
  1696      2
  1688      1
  1664      1
  1640      2
  1632      2
  1600      4
  1580      1
  1542      1
  1536      3
  1520      2
  1492      1
  1472      1
  1456      1
  1440      1
  1420      1
  1406      1
  1402      1
  1400      2
  1380      1
  1376      2
  1348      1
  1344      2
  1336      1
  1328      1
  1296      2
  1290      1
  1288      1
  1286      1
  1282      1
  1280      2
  1274      1
  1272      1
  1256      1
  1248      1
  1226      1
  1204      1
  1184      1
  1182      1
  1176      1
  1172      1
  1152      3
  1136      1
  1132      1
  1128      1
  1116      1
  1110      1
  1104      2
  1098      1
  1080      2
  1076      1
  1072      3
  1056      2
  1048      3
  1040      1
  1036      1
  1024      1
  1012      1
   996      1
   992      2
   986      1
   976      2
   964      1
   960      2
   954      1
   952      1
   944      2
   936      1
   928      1
   916      1
   904      2
   900      1
   896      3
   894      1
   890      1
   888      2
   880      1
   864      3
   862      1
   860      1
   844      2
   832      1
   820      2
   816      2
   814      1
   800      3
   792      3
   782      1
   776      1
   768      5
   756      1
   752      1
   748      1
   744      2
   738      1
   736      4
   724      1
   718      1
   710      1
   708      1
   704      4
   694      1
   690      1
   688      3
   680      2
   672      2
   668      1
   664      1
   660      1
   648      1
   640      5
   624      1
   596      1
   576      1
   512      1
   504      1
   484      1
   472      1
   464      1
   460      1
   424      1
   346      1
   320      3
   292      1
   288      1
   256      1
   200      1
   192      1
   184      1
   176      1

