
720
37120
 33406      1
 33392      1
 33352      1
 33340      1
 33274      1
 33252      1
 33218      1
 33208      1
 33195      1
 33175      1
 33168      1
 33163      1
 33156      1
 33139      1
 33124      1
 33112      1
 33108      1
 33098      1
 33079      1
 33056      1
 33053      1
 33040      1
 33028      1
 33002      1
 32984      1
 32960      1
 32958      1
 32956      1
 32935      1
 32912      1
 32879      1
 32868      1
 32842      1
 32807      1
 32804      1
 32802      1
 32800      1
 32798      1
 32724      1
 32717      1
 32701      1
 32696      1
 32680      1
 32661      1
 32612      1
 32598      1
 32592      1
 32546      1
 32533      1
 32457      1
 32456      1
 32449      1
 32417      1
 32412      1
 32393      1
 32388      1
 32368      1
 32360      1
 32346      1
 32318      1
 32314      1
 32289      1
 32277      1
 32262      1
 32224      1
 32219      1
 32188      1
 32116      1
 32072      1
 32056      1
 32051      1
 32003      1
 31995      1
 31988      1
 31984      1
 31966      1
 31933      1
 31902      1
 31860      1
 31840      1
 31766      1
 31748      1
 31743      1
 31710      1
 31709      1
 31704      1
 31632      1
 31608      1
 31548      1
 31504      1
 31480      1
 31469      1
 31452      1
 31406      1
 31376      1
 31365      1
 31341      1
 31328      1
 31222      1
 31196      1
 31181      1
 31112      1
 31094      1
 31050      1
 31036      1
 31016      1
 30989      1
 30988      1
 30896      1
 30885      1
 30861      1
 30822      1
 30768      1
 30752      1
 30740      1
 30731      1
 30605      1
 30552      1
 30494      1
 30484      1
 30456      1
 30447      1
 30422      1
 30242      1
 30204      1
 30105      1
 30096      1
 30079      1
 30064      1
 30048      1
 29984      1
 29876      1
 29824      1
 29802      1
 29784      1
 29697      1
 29688      1
 29665      1
 29650      1
 29537      1
 29476      1
 29473      1
 29422      1
 29367      1
 29348      1
 29328      1
 29322      1
 29294      1
 29216      1
 29200      1
 29165      1
 29036      1
 29032      1
 29014      1
 28856      1
 28812      1
 28740      1
 28698      1
 28586      1
 28569      1
 28529      1
 28505      1
 28441      1
 28320      1
 28176      1
 28174      1
 28102      1
 28084      1
 28048      1
 27920      1
 27864      1
 27824      1
 27812      1
 27794      1
 27777      1
 27768      1
 27688      1
 27673      1
 27649      1
 27549      1
 27545      1
 27524      1
 27505      1
 27428      1
 27303      1
 27232      1
 27172      1
 27166      1
 27044      1
 26862      1
 26678      1
 26656      1
 26650      1
 26640      1
 26552      1
 26512      1
 26456      1
 26444      1
 26411      1
 26347      1
 26293      1
 26052      1
 25924      1
 25678      1
 25642      1
 25296      1
 25263      1
 25248      1
 25200      1
 25199      1
 25000      1
 24984      1
 24708      1
 24580      1
 24434      1
 24412      1
 24288      1
 24258      1
 24114      1
 23941      1
 23938      1
 23887      1
 23882      1
 23504      1
 23376      1
 23240      1
 23224      1
 23092      1
 23076      1
 23072      1
 22892      1
 22510      1
 22432      1
 22377      1
 22313      1
 22166      1
 21910      1
 21600      1
 21430      1
 21232      1
 21200      1
 21128      1
 21112      1
 21068      1
 20940      1
 20812      1
 20804      1
 20487      1
 20423      1
 20058      1
 19936      1
 19378      1
 18608      1
 18600      1
 18592      1
 18576      1
 18572      1
 18570      1
 18568      1
 18565      1
 18564      1
 18562      1
 18561      1
 18368      1
 17178      1
 16320      1
 15805      1
 15788      1
 15472      1
 15468      1
 15466      1
 15464      1
 15463      1
 15460      1
 15456      1
 15448      1
 15440      1
 14786      1
 14368      1
 14222      1
 13915      1
 13861      1
 13824      1
 13596      1
 13484      1
 13380      1
 13352      1
 13344      1
 13336      1
 13296      1
 13264      1
 13078      1
 12960      1
 12678      1
 12672      1
 12462      1
 12341      1
 12320      1
 12287      1
 12178      1
 12164      1
 11860      1
 11692      1
 11592      1
 11576      1
 11472      1
 11376      1
 11034      1
 11029      1
 10986      1
 10983      1
 10842      1
 10722      1
 10720      1
 10596      1
 10574      1
 10452      1
 10348      1
 10340      1
 10160      1
 10120      1
 10104      1
  9952      1
  9936      1
  9935      1
  9881      1
  9814      1
  9566      1
  9548      1
  9538      1
  9228      1
  9023      1
  8980      1
  8979      1
  8925      1
  8900      1
  8888      1
  8848      1
  8808      1
  8752      1
  8736      1
  8726      1
  8643      1
  8550      1
  8298      1
  8292      1
  8288      1
  8265      1
  8181      1
  8068      1
  8034      1
  8014      1
  8013      1
  8004      1
  7981      1
  7893      1
  7864      1
  7800      1
  7787      1
  7774      1
  7770      1
  7764      1
  7760      1
  7720      1
  7696      1
  7568      1
  7566      1
  7532      1
  7472      1
  7458      1
  7392      1
  7303      1
  7233      1
  7181      1
  7161      1
  7127      1
  7022      1
  6924      1
  6922      1
  6888      1
  6755      1
  6744      1
  6740      1
  6624      2
  6608      1
  6576      1
  6484      1
  6461      1
  6418      1
  6373      1
  6372      1
  6326      1
  6226      1
  6213      1
  6200      1
  6187      1
  6120      1
  6102      1
  6044      1
  5920      1
  5904      1
  5872      1
  5869      1
  5847      1
  5764      1
  5734      1
  5561      1
  5560      1
  5532      1
  5522      1
  5480      1
  5452      1
  5431      1
  5344      1
  5325      1
  5324      1
  5296      1
  5264      1
  5250      1
  5217      1
  5200      1
  5197      1
  5184      1
  5111      1
  5096      1
  5076      1
  5062      1
  5022      1
  5016      1
  4968      1
  4951      1
  4940      1
  4918      1
  4832      1
  4817      1
  4816      1
  4797      1
  4762      1
  4724      1
  4711      1
  4644      1
  4600      1
  4592      1
  4520      1
  4511      1
  4510      1
  4502      1
  4484      1
  4481      1
  4480      1
  4448      1
  4388      1
  4350      1
  4330      1
  4323      1
  4304      1
  4298      1
  4284      1
  4271      1
  4265      1
  4242      1
  4232      1
  4225      1
  4216      1
  4172      1
  4128      1
  4116      1
  4085      1
  4077      1
  4037      1
  4027      1
  4002      1
  3984      1
  3982      1
  3976      1
  3973      1
  3948      1
  3924      1
  3921      1
  3896      1
  3893      1
  3887      1
  3856      1
  3823      1
  3814      1
  3792      1
  3770      1
  3764      1
  3717      1
  3704      1
  3688      1
  3671      1
  3668      1
  3649      1
  3616      1
  3604      1
  3602      2
  3595      1
  3594      1
  3566      1
  3548      1
  3535      1
  3520      1
  3489      1
  3476      1
  3470      1
  3448      1
  3434      1
  3424      1
  3412      1
  3411      1
  3408      1
  3391      1
  3352      1
  3348      1
  3344      1
  3332      1
  3319      1
  3312      1
  3308      1
  3299      1
  3289      1
  3272      1
  3254      1
  3228      1
  3206      1
  3156      1
  3144      1
  3098      1
  3092      2
  3088      3
  3072      5
  2956      1
  2840      1
  2816      1
  2782      1
  2772      1
  2754      1
  2712      1
  2696      1
  2672      1
  2656      2
  2624      2
  2612      1
  2560      1
  2532      1
  2492      1
  2466      1
  2456      1
  2432      1
  2368      2
  2336      1
  2304      3
  2272      1
  2240      1
  2204      2
  2196      2
  2164      1
  2140      1
  2112      3
  2088      1
  2064      1
  2048      1
  2016      2
  1986      1
  1984      1
  1976      1
  1920      1
  1912      1
  1904      1
  1880      1
  1840      1
  1804      1
  1794      1
  1784      1
  1776      2
  1760      2
  1744      1
  1728      2
  1708      1
  1664      2
  1656      2
  1636      1
  1602      1
  1600      1
  1594      1
  1592      1
  1578      1
  1568      1
  1556      1
  1552      2
  1544      1
  1536      2
  1504      3
  1488      1
  1472      1
  1446      1
  1434      1
  1430      1
  1424      1
  1408      1
  1400      1
  1384      1
  1376      1
  1372      1
  1344      2
  1312      1
  1292      1
  1288      1
  1280      2
  1274      1
  1272      1
  1244      1
  1242      1
  1236      1
  1232      1
  1216      3
  1200      2
  1184      1
  1182      1
  1172      1
  1168      1
  1152      4
  1144      1
  1112      1
  1104      3
  1088      1
  1084      1
  1064      1
  1056      2
  1048      1
  1042      1
  1038      1
  1024      2
  1020      1
  1008      3
  1004      2
   992      1
   988      1
   984      1
   980      1
   962      1
   960      1
   958      1
   952      1
   944      1
   940      1
   928      3
   912      1
   900      2
   896      3
   888      1
   872      1
   868      1
   864      1
   856      2
   854      1
   852      2
   848      1
   844      1
   832      5
   816      2
   806      1
   804      1
   800      1
   792      1
   784      3
   782      1
   778      1
   776      1
   768      3
   764      1
   760      1
   754      1
   752      1
   744      1
   742      1
   736      3
   732      1
   728      1
   720      1
   718      1
   716      1
   712      3
   706      1
   704      3
   696      1
   692      1
   688      2
   684      1
   680      2
   676      1
   672      2
   664      2
   662      1
   658      1
   656      3
   648      1
   640      7
   628      1
   624      2
   616      1
   576      1
   564      1
   528      3
   514      1
   512      1
   500      1
   428      1
   392      1
   384      1
   372      1
   352      2
   342      1
   312      1
   280      1
   256      1
   232      1
   128      1
    56      1

