
679
27840
 25028      1
 25010      1
 24976      1
 24958      1
 24956      1
 24920      1
 24910      1
 24908      1
 24878      1
 24864      1
 24856      1
 24854      1
 24852      1
 24816      1
 24802      1
 24792      1
 24764      1
 24746      1
 24736      1
 24732      1
 24712      1
 24688      1
 24670      1
 24644      1
 24606      1
 24560      1
 24554      1
 24544      1
 24536      1
 24532      1
 24516      1
 24500      1
 24496      1
 24472      1
 24470      1
 24444      1
 24440      1
 24426      1
 24416      1
 24404      1
 24370      1
 24360      1
 24306      1
 24304      1
 24252      1
 24242      1
 24236      1
 24204      1
 24176      1
 24162      1
 24152      1
 24124      1
 24108      1
 24082      1
 24056      1
 24048      1
 24034      1
 24024      1
 23974      1
 23968      1
 23938      1
 23906      1
 23894      1
 23888      1
 23780      1
 23764      1
 23748      1
 23720      1
 23712      1
 23710      1
 23690      1
 23688      1
 23668      1
 23652      1
 23620      1
 23584      1
 23568      1
 23562      1
 23556      1
 23506      1
 23500      1
 23490      1
 23456      1
 23440      1
 23428      1
 23394      1
 23362      1
 23352      1
 23328      1
 23326      1
 23320      1
 23288      1
 23256      1
 23222      1
 23188      1
 23167      1
 23156      1
 23152      1
 23136      1
 23110      1
 23076      1
 22985      1
 22960      1
 22952      1
 22942      1
 22910      1
 22881      1
 22874      1
 22873      1
 22857      1
 22812      1
 22808      1
 22792      1
 22750      1
 22729      1
 22688      1
 22682      1
 22672      1
 22612      1
 22578      1
 22544      1
 22530      1
 22529      1
 22516      1
 22480      1
 22444      1
 22415      1
 22264      1
 22248      1
 22222      1
 22176      1
 22170      1
 22156      1
 22151      1
 22135      1
 22049      1
 22028      1
 21936      1
 21904      1
 21900      1
 21878      1
 21860      1
 21814      1
 21798      1
 21792      1
 21713      1
 21660      1
 21632      1
 21624      1
 21608      1
 21569      1
 21509      1
 21505      1
 21489      1
 21407      1
 21390      1
 21374      1
 21300      1
 21290      1
 21280      1
 21232      1
 21200      1
 21076      1
 20948      1
 20943      1
 20878      1
 20856      1
 20840      1
 20791      1
 20784      1
 20778      1
 20576      1
 20516      1
 20514      1
 20468      1
 20448      1
 20412      1
 20403      1
 20286      1
 20053      1
 19984      1
 19928      1
 19912      1
 19868      1
 19856      1
 19792      1
 19680      1
 19583      1
 19574      1
 19558      1
 19542      1
 19500      1
 19494      1
 19436      1
 19424      1
 19414      1
 19340      1
 19264      1
 19244      1
 19165      1
 19116      1
 18960      1
 18890      1
 18864      1
 18810      1
 18808      1
 18792      1
 18599      1
 18554      1
 18464      1
 18430      1
 18420      1
 18164      1
 18069      1
 17820      1
 17760      1
 17680      1
 17552      1
 17498      1
 17488      1
 17472      1
 17464      1
 17456      1
 17448      1
 17375      1
 17346      1
 17172      1
 17056      1
 16986      1
 16858      1
 16850      1
 16783      1
 16764      1
 16562      1
 16262      1
 16224      1
 16073      1
 15988      1
 15888      1
 15864      1
 15856      1
 15848      1
 15620      1
 15492      1
 15221      1
 15106      1
 14746      1
 14624      1
 14418      1
 13984      1
 13972      1
 13968      1
 13956      1
 13944      1
 13940      1
 13936      1
 13933      1
 13930      1
 13929      1
 13928      1
 13925      1
 13924      1
 13922      1
 13921      1
 13341      1
 12754      1
 12446      1
 12128      1
 11608      1
 11604      1
 11602      1
 11601      1
 11600      1
 11597      1
 11593      1
 11592      1
 11588      1
 11572      1
 11568      1
 11564      1
 11264      1
 11188      1
 11040      1
 10914      1
 10614      1
 10517      1
 10292      1
 10008      1
 10000      1
  9992      1
  9968      1
  9910      1
  9884      1
  9807      1
  9730      1
  9696      1
  9650      1
  9408      1
  9402      1
  9236      1
  9215      1
  9162      1
  8992      1
  8928      1
  8892      1
  8746      1
  8721      1
  8664      1
  8656      2
  8648      1
  8622      1
  8592      1
  8496      1
  8366      1
  8356      1
  8143      1
  8068      1
  7852      1
  7842      1
  7840      1
  7762      1
  7701      1
  7664      1
  7544      1
  7528      1
  7504      1
  7462      1
  7276      1
  7231      1
  7188      1
  7164      1
  7084      1
  7072      1
  7022      1
  7004      1
  6958      1
  6918      1
  6902      1
  6890      1
  6881      1
  6816      1
  6736      1
  6672      1
  6644      1
  6616      1
  6600      1
  6576      1
  6491      1
  6400      1
  6398      1
  6365      1
  6320      1
  6298      1
  6196      1
  6176      1
  6148      1
  6132      1
  6112      1
  6108      1
  5886      1
  5875      1
  5848      1
  5832      1
  5802      1
  5760      1
  5749      1
  5748      1
  5552      1
  5520      1
  5472      1
  5462      1
  5452      1
  5443      1
  5440      1
  5430      1
  5390      1
  5378      1
  5361      1
  5293      1
  5281      1
  5277      1
  5208      1
  5192      1
  5156      1
  5107      1
  5088      1
  5022      1
  4988      1
  4976      1
  4970      1
  4956      1
  4944      1
  4892      1
  4827      1
  4784      1
  4768      1
  4755      1
  4741      1
  4740      1
  4726      1
  4722      1
  4664      1
  4648      1
  4521      1
  4504      1
  4500      1
  4496      1
  4494      1
  4444      1
  4427      1
  4426      1
  4394      1
  4392      1
  4364      1
  4336      1
  4320      1
  4302      1
  4288      1
  4261      1
  4200      1
  4196      1
  4171      1
  4153      1
  4142      1
  4141      1
  4110      1
  4088      1
  4082      1
  4080      1
  4047      1
  3972      1
  3970      1
  3942      1
  3936      1
  3920      1
  3908      1
  3895      1
  3884      1
  3856      1
  3850      1
  3832      1
  3822      1
  3808      1
  3800      1
  3782      1
  3762      1
  3752      1
  3706      1
  3684      1
  3680      1
  3626      1
  3620      1
  3614      1
  3572      1
  3568      1
  3566      1
  3556      1
  3552      1
  3524      1
  3492      1
  3488      1
  3464      2
  3462      1
  3448      1
  3442      1
  3412      1
  3404      1
  3394      1
  3388      1
  3312      1
  3282      1
  3248      1
  3232      1
  3222      1
  3184      1
  3174      1
  3160      1
  3116      1
  3100      1
  3080      1
  3072      2
  3066      1
  3036      1
  3004      1
  3002      1
  2996      1
  2960      1
  2946      1
  2912      1
  2904      1
  2894      1
  2868      1
  2846      1
  2840      1
  2836      2
  2810      1
  2808      1
  2800      2
  2788      1
  2784      1
  2772      1
  2764      1
  2762      1
  2760      1
  2698      1
  2668      1
  2642      1
  2640      1
  2616      1
  2592      1
  2584      1
  2582      1
  2564      1
  2544      1
  2534      1
  2528      1
  2492      1
  2490      1
  2488      1
  2470      1
  2444      1
  2442      1
  2440      1
  2416      1
  2404      1
  2402      1
  2362      1
  2348      1
  2318      3
  2316      1
  2312      3
  2304      5
  2180      1
  2176      1
  2120      1
  2102      1
  2056      1
  1984      4
  1968      1
  1960      1
  1928      1
  1920      1
  1876      1
  1842      1
  1840      1
  1828      1
  1792      1
  1776      1
  1748      1
  1744      1
  1728      4
  1720      1
  1696      2
  1664      2
  1628      1
  1608      1
  1568      2
  1540      1
  1536      1
  1504      2
  1488      1
  1472      1
  1448      1
  1444      1
  1432      1
  1416      1
  1404      1
  1400      1
  1388      1
  1380      2
  1376      2
  1344      2
  1328      1
  1312      4
  1296      1
  1280      1
  1268      1
  1256      1
  1252      1
  1232      1
  1224      1
  1216      3
  1176      1
  1174      1
  1160      1
  1156      1
  1152      5
  1148      1
  1144      1
  1088      5
  1076      1
  1072      3
  1058      1
  1054      2
  1032      1
  1024      5
  1020      1
  1004      1
   992      2
   984      1
   976      1
   964      1
   960      3
   950      1
   948      1
   944      3
   928      3
   920      2
   904      1
   896      3
   884      2
   880      1
   864      2
   856      1
   850      1
   832      4
   830      1
   828      1
   826      1
   824      1
   820      1
   816      1
   808      1
   800      2
   792      1
   788      2
   778      1
   776      1
   768      6
   752      3
   740      1
   736      2
   728      1
   724      1
   720      2
   712      2
   704      5
   696      3
   688      3
   680      1
   672      3
   652      1
   644      1
   640      3
   632      2
   624      1
   616      3
   612      2
   608      2
   600      2
   596      1
   592      1
   588      1
   576      3
   568      2
   566      1
   560      4
   552      2
   544      5
   536      1
   528      2
   524      1
   512      9
   508      1
   504      1
   496      3
   492      1
   488      2
   480      5
   468      1
   464      2
   448      2
   416      1
   364      1
   352      1
   272      1
   164      1
   128      3
    80      1

